34.648713665170554
29.909851648421704
29.47042775248357
26.056634911497753
31.505574489952636
27.573917811632764
26.03121009631841
27.506719681090754
26.12808559263338
32.081810634367855
28.551081945420005
29.148947212322007
26.89346672381648
26.821977564830856
29.328390722982967
32.55607534481708
27.435121739282902
32.80618478571509
27.25962692966773
33.626171116553635
25.8125937539405
30.22087145464784
34.21664561519577
25.52360925668472
30.235481472980418
26.743992002776956
30.40478008016605
27.1383707629789
27.583932627121907
27.84336341305437
27.46554797477377
29.878841705432407
23.86308220085537
31.937967902106223
26.15015005237295
30.380461160155708
26.898905487101548
23.935593502794244
30.434221849137952
27.930415421502072
29.940357466234
26.582709718694343
28.566318175211443
26.59835299075976
33.01288324097516
28.482165873772377
33.84154201257771
29.618088026453247
31.42635885334605
34.59282215351874
30.55078156829053
28.810322466628723
24.699035498228714
31.446353847234647
26.332914442223885
27.591677331200554
