36.0481831554583
31.37315949871736
59.859161317843586
49.14741750232833
29.4421490243805
25.338536537491073
52.9145239116325
30.589311269502986
46.94203461817934
48.90846820797528
30.844012543609846
27.14609579043493
35.3414347263501
33.644179851043894
29.71640507413581
55.84078763456682
28.654390852316393
41.98314875023806
36.620130746954736
47.9709432343064
40.62965188248169
41.62592684930933
49.24372120933475
34.998115872344805
41.2624536443298
44.474747676310976
33.430925509507794
36.75447229691356
50.50309661323047
41.61946453363125
28.836975763059883
28.779259006667292
50.8787280991948
40.065815149820956
28.62226602350203
31.84769849032931
46.78064115382605
46.242267075589794
30.959343359469187
37.51183895418298
31.49144877477457
29.373913344086116
42.477982235400724
28.9811193192071
42.98421715097755
42.69482541325906
26.830995513370347
29.683208200804554
38.93681626093724
42.31352276977557
39.16106865786682
32.917043188009806
29.458231805375146
35.12843494062003
36.692438994709796
42.92885564221823
33.33499432368685
30.45456085462048
50.364552442009725
31.708971999481104
35.86244435720389
41.54835573850167
32.87925677776663
49.05570689699994
37.13823062001407
29.014589681990397
49.80434111299757
29.7542524441384
23.474886845136584
28.4825234805327
31.534558327657702
27.05805167693195
30.917198393961854
35.65673137291061
34.05389390105466
36.025904787886844
33.992734969777274
48.47332879254466
28.271501966170987
27.496264052847604
33.88103938208881
26.699488204041412
31.270956104078223
27.706498752912164
45.38314309024822
33.3735622786147
29.341689232712465
31.22557493961251
30.581704236693426
26.864557902255996
29.37094558232148
33.7031097100196
31.32860842953387
34.94083459494216
41.241660619639426
31.685367212125637
38.745377659082315
30.024667404981084
29.077232647697752
39.9542659604293
44.69882162228308
40.04868034815498
42.29223990297698
54.03423074142954
38.353153044939035
42.53621808551026
39.4236467023334
48.91767027305297
37.44278930491591
41.3403960980932
42.98411393380026
54.38087695367192
44.42604546493772
53.169212309015975
34.43163752765248
34.80044208952545
37.28878220492241
39.974849756039745
37.868978727225
37.601663529210654
41.609021092408284
49.10716147493964
44.81874394582704
49.01122776042933
62.65247682592284
36.58915453909579
45.81644174161445
33.99321539738343
40.59681835686758
41.67664493363333
40.25849311596398
40.24910429012807
45.91989127469204
40.33365171620091
48.56707344866072
49.98421742317558
32.56525937435678
41.14112286521463
41.901438988093474
40.418759449109274
45.73416847907718
37.89920884384471
31.935369213507492
42.20544528265175
42.29414846060428
44.30421605448666
43.09966304942847
39.65776846064488
50.05952817777475
46.206950016933476
45.744438180396
62.28642827561309
50.982462617847204
45.08423901114977
41.089579156373546
43.42790100472611
41.81401510563214
43.310554304270624
37.92633794635158
42.30926340611564
54.63873591543791
39.169184463622194
47.28365123052066
38.12774973547058
41.180718995023945
37.62251024155575
43.51653629092353
40.32988311031859
40.74041723983454
42.36877122610662
40.701816266900885
47.876762179165425
46.50524728561015
51.689243232792094
37.81362545974549
40.27421904436701
51.813769712260935
63.409582822345314
38.88762973813136
48.294152027300015
45.00850798562531
42.1946359848527
47.7402221897176
46.05230367130555
39.55677956504386
32.39336160682871
41.62396137214646
50.681086012311425
41.8058534076239
50.59000422568806
37.08413146258775
52.2650909911654
46.19339558187166
43.91770600411173
51.13565117400021
47.89355561522922
44.32235933611099
