26.90998450394299
27.518614772697084
28.850543500758846
21.909819409906245
20.172755580864408
30.783546352454156
23.903768584873067
34.19041035748599
27.44641397987901
31.658001318522203
29.315623052219447
31.580367844464625
24.644868886294848
29.47273370266903
28.827876560141636
35.05231960464641
31.343882456615702
31.740255243544503
30.93788351153834
27.60374240330644
32.11471952384157
31.842967663272223
30.361385689327733
26.301751050225565
28.790936618139398
28.93518546063234
28.893172807163577
27.456344866061446
27.11044189153624
29.360111871628927
27.811643038919687
26.79790139805347
34.65476247714318
29.52682703467656
32.56577133824783
26.35885358151777
30.71790975595784
29.500218986115723
24.58352018293816
28.309885138646884
33.85910899160944
35.0571826354119
28.10227756718184
38.81384841311834
37.362048741337695
35.2293033000219
37.42435028779401
30.70537607334866
30.462645876023192
30.97738609280076
29.30627542430941
34.50418038992059
31.808811875636952
38.54772960358727
32.931959247471454
36.02448925393752
35.558735959191594
38.496779287819855
31.30478046110646
30.8995751415665
28.785051608670873
29.947269120568595
42.17747560891799
31.58036959062539
28.898716206845283
31.652596824310017
29.36383827166961
29.473103866874112
32.519994233280656
30.008652320522824
