30.06117045506987
32.57529402341814
32.58542623798689
33.18225550336842
34.10175161228159
29.092454953727614
31.615662204242813
30.56368362919201
31.63353371933722
33.6781637400854
31.682643544282126
32.38795016055327
33.5268698073288
31.279300231895427
31.366934787762425
32.078469588242136
30.500192710313552
30.546231849539165
30.507100898279397
28.75605168855099
32.418279111423196
33.33847335543034
33.769343860286874
31.77220425017014
28.035095476438517
32.65081928173219
34.716246802210044
30.926803313651465
32.57643676120233
29.59941042856267
33.075497423326
34.13090365873316
34.25444040167888
28.393856433404757
33.37559883186663
32.29286181803781
30.768917360279627
35.418976383755684
32.003312767012346
33.56606608484327
32.49382623414135
31.657111005593762
30.260565878425496
32.16746553452464
29.600862940396762
32.81100968791759
31.341387958790495
33.71257742432015
31.507951474132387
29.289960474862557
31.453534592986237
32.4682596825564
34.002917421476255
30.46791781155779
27.695871878030054
29.850242331667328
28.18468172307509
30.34999964146618
35.123100614229074
31.558066651249288
33.05833654862552
27.999133851128057
34.08431283632916
34.91357626584434
32.73000456630764
29.025112949068316
32.28122612599768
28.388667774864338
34.42963094066575
34.26774968912146
34.75074890186642
35.574241749314325
26.781557719109877
28.780739970398805
31.733896254632732
30.892207386868485
30.519986227329785
28.105919819743576
34.11073848251871
33.67214449347084
34.66690886315489
32.86503739802433
33.17603232100205
36.33675574701046
30.329691736943143
25.155599924019945
35.07785373157151
32.16064877874512
33.12135569283193
28.640120821370445
30.786463717367646
27.79317422411838
30.235288428196654
33.142378864154665
32.59050828063595
31.777680782804463
33.979321619540386
31.608178858864708
36.453742753190944
31.21216950144306
67.0983428657912
71.48058630938714
72.62575530047346
76.7893471977175
76.55821861125962
50.306210308562264
77.54496050644477
49.06191442088596
64.72542652744883
66.30499719886943
74.49588315829865
67.82009220375481
62.52838945341056
73.09020852949375
50.02566802791011
61.55463400716049
56.8792783618812
67.75219238018667
63.47142878129333
54.68633183489191
69.04657943503443
63.40638434485259
71.3798143692967
67.68542312440621
62.789421533618004
80.69723716676788
72.87414830098534
67.79644864495613
65.89683094137024
71.67505876371048
58.11763504567372
61.38117514873604
71.29211033985716
78.71387154171954
71.77523159516454
59.7393702127202
61.401691306516
80.36929820799917
56.365843132080045
68.87065376946796
81.25909686107728
75.98032247037752
58.68246179620716
59.445949546528
64.81784782020371
63.5939040455765
75.30008507565171
68.60873650786628
73.18945577084953
57.037362346186576
60.811355779054146
67.52956219971857
58.42666159668103
67.97792987569483
81.29972674397868
62.22848093410281
77.41415242738069
47.847668269567045
70.58776999412726
68.29273466941603
50.45279829830487
53.85007120874478
70.77148104026583
73.65103603917763
70.60589105404048
72.45296707238893
54.7715345023621
58.288832630829056
58.65197553865487
68.20306084114667
72.93639609081326
73.96159038438641
76.60833793257069
61.09765925162847
63.752841573122
56.350506550512115
77.18278224583408
70.4720234703666
57.16404215199084
72.38080895605704
71.40755237541134
66.71534293097662
62.02938955684703
71.84047501190497
61.33461452908818
56.866169943990045
72.26004374246318
71.41790822839042
80.14544939745876
77.74310171157516
73.83325264894509
86.38769879293345
76.59327998487981
75.77794497637834
48.10951353716209
74.59044725991764
72.44905948203306
73.21184449839683
54.42337691421093
69.95397835041577
48.08169544590228
50.21744057763051
55.29969751873233
