41.667190503195684
43.39213083024937
35.79247989883694
31.83553394132034
27.772059334351194
43.58406003196786
36.78638733350579
38.27232766094383
33.20796365658305
32.079977680880454
37.8908304888626
32.57339899665835
34.98027485313671
33.19407334108694
28.748701171365223
34.85753162052495
28.828703484626534
39.68309266329459
29.448519315457272
32.01718817813769
43.13311642572003
34.71002820434237
38.17088916517269
29.75600382748236
30.777401125069236
41.8545561017595
34.86117559062072
36.922849231186675
31.04715730119428
28.67563865647046
39.78970015913485
39.1120818427263
36.45065192131423
38.250647596495284
26.624604892781903
34.62134704698126
32.9519266935009
33.580588930898415
31.633944585078563
