33.1089366164673
31.733798109625756
32.82640779151815
36.32405924472355
38.4425516595304
35.984245370895096
36.49691194390468
35.520720824088485
28.527725861720654
37.495573666450134
39.6283800291777
34.76250488044184
46.68458778094767
36.029696848691756
34.84727782200498
30.952032244392587
47.66195344655948
42.13717540261424
37.674753195413466
42.06897441620913
31.564616127502365
37.50282113706808
38.08836865382105
33.56456456431183
33.75821752249778
45.00321479026015
37.582466319299144
32.00181466549811
30.29832001937474
40.05098779164479
29.0113482438001
31.24118653836233
29.682587026490246
35.619929267313324
37.137230188390795
